octorock,      o,1,1,60,2,2,8, 0, 0,
tektite,       o,1,1,40,2,2,2, 8, 6,
tektite,       b,1,1,40,2,2,2, 9, 6,
peahat,        o,1,2,40,2,2,2,10,10,
armos,         o,1,3,40,2,2,2,12, 4,
centaur,       o,1,4,40,2,2,8, 0, 8,
centaur,       b,1,6,40,2,2,8, 4, 8,
ghost,         m,1,9,40,2,2,4,10, 4,
ghost,         s,1,9,40,2,2,4,10, 4,
leveler,       o,1,2,40,2,2,5, 8,10,
leveler,       b,1,4,40,2,2,5, 8,11,
moblin,        o,1,2,40,2,2,8, 0, 3,
moblin,        b,1,2,60,2,2,8, 4, 3,
octorock,      b,1,2,40,2,2,8, 4, 0,
zora,          o,1,2,40,2,2,4, 4,10,
zora,          b,1,2,40,2,2,4, 4,10,
boulder,       n,n,n,n,n,n,n,n,n,