underworld tiles
tiles
    0 - 39
    0-3 are 4 8x8 images
border
doors
columns
    [5,5,5,5,5,5,5,],
    [5,13,5,13,5,13,5,],
    [5,5,5,5,5,3(0*4),3(0*4),],
    [5,5,5,5,5,13,3(0*4)],
    [5,5,5,5,,3(0*4),3(0*4),3(0*4)],
    [5,5,5,5,5,21,3(0*4)],
    [5,21,5,21,5,21,5,],
    [5,5,20,20,20,5,5,],
    [5,5,20,5,20,5,5,],
    [5,20,5,5,5,20,5,],
    [5,20,20,20,20,20,5,],
    [5,20,5,13,5,20,5,],
    [5,20,13,5,5,20,5,],
    [5,20,5,21,5,20,5,],
    [5,20,21,5,5,20,5,],
    [5,5,5,5,5,5,20,],
    [20,5,5,5,5,5,20,5,],
    [5,5,20,5,5,5,5,],
    [5,20,5,5,5,5,5,],
    [5,5,5,5,5,20,5,],
    [5,5,5,5,20,5,5,],
    [5,5,20,5,5,5,20,],
    [5,20,5,5,5,20,5,],
    [20,5,5,5,5,5,5,],
    [5,36(1*4),36(1*4),36(1*4),36(1*4),36(1*4),36(1*4),],
    [5,36(1*4),36(1*4),5,5,36(1*4),36(1*4),],
    [5,36(1*4),36(1*4),5,5,5,5,],
    [5,20,5,20,5,20,5,],
    [20,5,5,5,5,5,20,],
    [20,20,5,5,5,20,20,],
    [20,20,20,5,20,20,20,],
    [20,20,20,4,20,20,20,],
    [20,20,20,20,20,20,20,],
    [3(0*4),3(0*4),3(0*4),3(0*4),3(0*4),3(0*4),3(0*4),],
    [13,5,5,5,5,5,13,],
    [21,5,5,5,5,5,21,],
    [3(0*4),3(0*4),3(0*4),5,3(0*4),3(0*4),3(0*4),],
    [3(0*4),5,5,5,5,5,3(0*4),],
    [3(0*4),3(0*4),3(0*4),3(0*4),3(0*4),5,3(0*4),],
    [3(0*4),5,3(0*4),3(0*4),3(0*4),3(0*4),3(0*4),],
    [5,5,3(0*4),5,5,5,5,],
    [5,5,5,5,3(0*4),5,5,],
    [5,20,5,4,5,20,5,].
    [5,3(0*4),3(0*4),3(0*4),3(0*4),3(0*4),5,],
    [5,3(0*4),5,3(0*4),53(0*4),5,],
    [5,3(0*4),5,5,5,3(0*4),5,],
    [5,5,5,3(0*4),5,5,5,],
    [20,20,20,20,20,5,5,],
    [5,5,5,5,20,5,20,],
    [20,20,5,20,20,5,5,],
    [5,20,5,5,5,20,20,],
    [5,5,20,5,5,20,20,],
    [5,3(0*4),3(0*4),3(0*4),3(0*4),3(0*4),3(0*4),3(0*4),],
    [5,3(0*4),3(0*4),5,5,5,5,],
    [20,20,36(2*4),36(2*4),21,5,5];
    [20,36(2*4),36(2*4),36(2*4),21,5,5];
    [20,5,20,20,5,5,21,],
    [20,20,36(2*4),36(2*4),5,5,5];
    [20,36(2*4),36(2*4),36(2*4),5,5,5];
    [20,5,20,20,5,5,29,],
    [21,36(2*4),36(2*4),36(2*4),36(2*4),36(2*4),21,],
    [29,36(2*4),36(2*4),36(2*4),36(2*4),36(2*4),29,],;
    [36(2*4),36(2*4),36(2*4),36(2*4),36(2*4),36(2*4),36(2*4),],
    [36(2*4),36(2*4),36(2*4),536(2*4),36(2*4),36(2*4),],
    [5,5,36(2*4),36(2*4),36(2*4),36(2*4),36(2*4),],
    [5,36(2*4),36(2*4),36(2*4),5,5,5,],;
    [36(2*4),5,5,5,5,36(2*4),36(2*4),],;




rooms
